0.000000000000000000e+00
1.500000000000000638e-02
3.000000000000001971e-02
4.500000000000003303e-02
6.000000000000004635e-02
7.500000000000005274e-02
9.000000000000006606e-02
1.050000000000000794e-01
1.200000000000000927e-01
1.350000000000000921e-01
1.500000000000001055e-01
1.650000000000001188e-01
1.800000000000001321e-01
1.950000000000001454e-01
2.100000000000001588e-01
2.250000000000001721e-01
2.400000000000001854e-01
2.550000000000001710e-01
2.700000000000001843e-01
2.850000000000001976e-01
3.000000000000002109e-01
3.150000000000002243e-01
3.300000000000002376e-01
3.450000000000002509e-01
3.600000000000002642e-01
3.750000000000002776e-01
3.900000000000002909e-01
4.050000000000003042e-01
4.200000000000003175e-01
4.350000000000003308e-01
4.500000000000003442e-01
4.650000000000003575e-01
4.800000000000003708e-01
4.950000000000003841e-01
5.100000000000003419e-01
5.250000000000003553e-01
5.400000000000003686e-01
5.550000000000003819e-01
5.700000000000003952e-01
5.850000000000004086e-01
6.000000000000004219e-01
6.150000000000004352e-01
6.300000000000004485e-01
6.450000000000004619e-01
6.600000000000004752e-01
6.750000000000004885e-01
6.900000000000005018e-01
7.050000000000005151e-01
7.200000000000005285e-01
7.350000000000005418e-01
7.500000000000005551e-01
7.650000000000005684e-01
7.800000000000005818e-01
7.950000000000005951e-01
8.100000000000006084e-01
8.250000000000006217e-01
8.400000000000006350e-01
8.550000000000006484e-01
8.700000000000006617e-01
8.850000000000006750e-01
9.000000000000006883e-01
9.150000000000007017e-01
9.300000000000007150e-01
9.450000000000007283e-01
9.600000000000007416e-01
9.750000000000007550e-01
9.900000000000007683e-01
1.005000000000000115e+00
1.019999999999998463e+00
1.034999999999996811e+00
1.049999999999995159e+00
1.064999999999993507e+00
1.079999999999991855e+00
1.094999999999990203e+00
1.109999999999988551e+00
1.124999999999986899e+00
1.139999999999985247e+00
1.154999999999983595e+00
1.169999999999981943e+00
1.184999999999980291e+00
1.199999999999978639e+00
1.214999999999976987e+00
1.229999999999975335e+00
1.244999999999973683e+00
1.259999999999972031e+00
1.274999999999970379e+00
1.289999999999968727e+00
1.304999999999967075e+00
1.319999999999965423e+00
1.334999999999963771e+00
1.349999999999962119e+00
1.364999999999960467e+00
1.379999999999958815e+00
1.394999999999957163e+00
1.409999999999955511e+00
1.424999999999953859e+00
1.439999999999952207e+00
1.454999999999950555e+00
1.469999999999948903e+00
1.484999999999947251e+00
1.499999999999945599e+00
1.514999999999943947e+00
1.529999999999942295e+00
1.544999999999940643e+00
1.559999999999938991e+00
1.574999999999937339e+00
1.589999999999935687e+00
1.604999999999934035e+00
1.619999999999932383e+00
1.634999999999930731e+00
1.649999999999929079e+00
1.664999999999927427e+00
1.679999999999925775e+00
1.694999999999924123e+00
1.709999999999922471e+00
1.724999999999920819e+00
1.739999999999919167e+00
1.754999999999917515e+00
1.769999999999915863e+00
1.784999999999914211e+00
1.799999999999912559e+00
1.814999999999910907e+00
1.829999999999909255e+00
1.844999999999907603e+00
1.859999999999905951e+00
1.874999999999904299e+00
1.889999999999902647e+00
1.904999999999900995e+00
1.919999999999899343e+00
1.934999999999897691e+00
1.949999999999896039e+00
1.964999999999894387e+00
1.979999999999892735e+00
1.994999999999891083e+00
2.009999999999889653e+00
2.024999999999888001e+00
2.039999999999886349e+00
2.054999999999884697e+00
2.069999999999883045e+00
2.084999999999881393e+00
2.099999999999879741e+00
2.114999999999878089e+00
2.129999999999876437e+00
2.144999999999874785e+00
2.159999999999873133e+00
2.174999999999871481e+00
2.189999999999869829e+00
2.204999999999868177e+00
2.219999999999866525e+00
2.234999999999864873e+00
2.249999999999863221e+00
2.264999999999861569e+00
2.279999999999859916e+00
2.294999999999858264e+00
2.309999999999856612e+00
2.324999999999854960e+00
2.339999999999853308e+00
2.354999999999851656e+00
2.369999999999850004e+00
2.384999999999848352e+00
2.399999999999846700e+00
2.414999999999845048e+00
2.429999999999843396e+00
2.444999999999841744e+00
2.459999999999840092e+00
2.474999999999838440e+00
2.489999999999836788e+00
2.504999999999835136e+00
2.519999999999833484e+00
2.534999999999831832e+00
2.549999999999830180e+00
2.564999999999828528e+00
2.579999999999826876e+00
2.594999999999825224e+00
2.609999999999823572e+00
2.624999999999821920e+00
2.639999999999820268e+00
2.654999999999818616e+00
2.669999999999816964e+00
2.684999999999815312e+00
2.699999999999813660e+00
2.714999999999812008e+00
2.729999999999810356e+00
2.744999999999808704e+00
2.759999999999807052e+00
2.774999999999805400e+00
2.789999999999803748e+00
2.804999999999802096e+00
2.819999999999800444e+00
2.834999999999798792e+00
2.849999999999797140e+00
2.864999999999795488e+00
2.879999999999793836e+00
2.894999999999792184e+00
2.909999999999790532e+00
2.924999999999788880e+00
2.939999999999787228e+00
2.954999999999785576e+00
2.969999999999783924e+00
2.984999999999782272e+00
2.999999999999780620e+00
