-3.960396039603960361e+00
-3.920792079207920722e+00
-3.881188118811881083e+00
-3.841584158415841443e+00
-3.801980198019801804e+00
-3.762376237623762165e+00
-3.722772277227722526e+00
-3.683168316831683331e+00
-3.643564356435643692e+00
-3.603960396039604053e+00
-3.564356435643564414e+00
-3.524752475247524774e+00
-3.485148514851485135e+00
-3.445544554455445496e+00
-3.405940594059405857e+00
-3.366336633663366218e+00
-3.326732673267326579e+00
-3.287128712871287384e+00
-3.247524752475247745e+00
-3.207920792079208105e+00
-3.168316831683168466e+00
-3.128712871287128827e+00
-3.089108910891089188e+00
-3.049504950495049549e+00
-3.009900990099009910e+00
-2.970297029702970271e+00
-2.930693069306930632e+00
-2.891089108910890992e+00
-2.851485148514851353e+00
-2.811881188118811714e+00
-2.772277227722772075e+00
-2.732673267326732436e+00
-2.693069306930692797e+00
-2.653465346534653158e+00
-2.613861386138613963e+00
-2.574257425742574323e+00
-2.534653465346534240e+00
-2.495049504950495045e+00
-2.455445544554455406e+00
-2.415841584158416211e+00
-2.376237623762376572e+00
-2.336633663366336933e+00
-2.297029702970297294e+00
-2.257425742574257654e+00
-2.217821782178218015e+00
-2.178217821782178376e+00
-2.138613861386138737e+00
-2.099009900990099098e+00
-2.059405940594059459e+00
-2.019801980198019820e+00
-1.980198019801980180e+00
-1.940594059405940097e+00
-1.900990099009900902e+00
-1.861386138613861707e+00
-1.821782178217821624e+00
-1.782178217821781985e+00
-1.742574257425742790e+00
-1.702970297029702706e+00
-1.663366336633663511e+00
-1.623762376237623872e+00
-1.584158415841584233e+00
-1.544554455445544594e+00
-1.504950495049504511e+00
-1.465346534653465316e+00
-1.425742574257425677e+00
-1.386138613861386037e+00
-1.346534653465346398e+00
-1.306930693069306759e+00
-1.267326732673267564e+00
-1.227722772277227925e+00
-1.188118811881187842e+00
-1.148514851485148647e+00
-1.108910891089109008e+00
-1.069306930693068924e+00
-1.029702970297029729e+00
-9.900990099009900902e-01
-9.504950495049504511e-01
-9.108910891089108119e-01
-8.712871287128711728e-01
-8.316831683168319778e-01
-7.920792079207923386e-01
-7.524752475247526995e-01
-7.128712871287126163e-01
-6.732673267326734212e-01
-6.336633663366333380e-01
-5.940594059405941429e-01
-5.544554455445545038e-01
-5.148514851485153088e-01
-4.752475247524747815e-01
-4.356435643564355864e-01
-3.960396039603963914e-01
-3.564356435643567522e-01
-3.168316831683171131e-01
-2.772277227722770299e-01
-2.376237623762378348e-01
-1.980198019801977516e-01
-1.584158415841585565e-01
-1.188118811881189174e-01
-7.920792079207883418e-02
-3.960396039603919505e-02
0.000000000000000000e+00
3.960396039603963914e-02
7.920792079207927827e-02
1.188118811881198056e-01
1.584158415841585565e-01
1.980198019801981957e-01
2.376237623762378348e-01
2.772277227722765858e-01
3.168316831683171131e-01
3.564356435643567522e-01
3.960396039603963914e-01
4.356435643564360305e-01
4.752475247524747815e-01
5.148514851485144206e-01
5.544554455445549479e-01
5.940594059405945870e-01
6.336633663366333380e-01
6.732673267326729771e-01
7.128712871287126163e-01
7.524752475247522554e-01
7.920792079207918945e-01
8.316831683168315337e-01
8.712871287128711728e-01
9.108910891089108119e-01
9.504950495049504511e-01
9.900990099009909784e-01
1.029702970297029729e+00
1.069306930693069368e+00
1.108910891089109008e+00
1.148514851485148647e+00
1.188118811881188286e+00
1.227722772277227925e+00
1.267326732673266676e+00
1.306930693069307203e+00
1.346534653465346842e+00
1.386138613861386482e+00
1.425742574257426121e+00
1.465346534653464872e+00
1.504950495049504511e+00
1.544554455445544150e+00
1.584158415841584677e+00
1.623762376237624316e+00
1.663366336633663956e+00
1.702970297029702706e+00
1.742574257425742346e+00
1.782178217821781985e+00
1.821782178217821624e+00
1.861386138613862151e+00
1.900990099009900902e+00
1.940594059405940541e+00
1.980198019801980180e+00
2.019801980198019820e+00
2.059405940594059459e+00
2.099009900990099098e+00
2.138613861386137849e+00
2.178217821782178376e+00
2.217821782178218015e+00
2.257425742574257654e+00
2.297029702970297294e+00
2.336633663366336044e+00
2.376237623762375684e+00
2.415841584158415323e+00
2.455445544554455850e+00
2.495049504950494601e+00
2.534653465346534240e+00
2.574257425742574767e+00
2.613861386138614407e+00
2.653465346534653158e+00
2.693069306930692797e+00
2.732673267326733324e+00
2.772277227722772075e+00
2.811881188118811714e+00
2.851485148514851353e+00
2.891089108910890992e+00
2.930693069306929743e+00
2.970297029702969382e+00
3.009900990099010798e+00
3.049504950495050437e+00
3.089108910891089188e+00
3.128712871287128827e+00
3.168316831683168466e+00
3.207920792079207217e+00
3.247524752475246856e+00
3.287128712871286496e+00
3.326732673267327023e+00
3.366336633663365774e+00
3.405940594059406301e+00
3.445544554455445940e+00
3.485148514851485579e+00
3.524752475247524330e+00
3.564356435643563970e+00
3.603960396039604497e+00
3.643564356435643248e+00
3.683168316831682887e+00
3.722772277227722526e+00
3.762376237623762165e+00
3.801980198019800916e+00
3.841584158415842332e+00
3.881188118811881971e+00
3.920792079207921610e+00
3.960396039603960361e+00
