0.000000000000000000e+00
9.999999776482582092e-03
1.999999955296516418e-02
2.999999932944774628e-02
3.999999910593032837e-02
4.999999701976776123e-02
5.999999865889549255e-02
7.000000029802322388e-02
7.999999821186065674e-02
8.999999612569808960e-02
9.999999403953552246e-02
1.099999994039535522e-01
1.199999973177909851e-01
1.299999952316284180e-01
1.400000005960464478e-01
1.499999910593032837e-01
1.599999964237213135e-01
1.700000017881393433e-01
1.799999922513961792e-01
1.899999976158142090e-01
1.999999880790710449e-01
2.099999934434890747e-01
2.199999988079071045e-01
2.299999892711639404e-01
2.399999946355819702e-01
2.500000000000000000e-01
2.599999904632568359e-01
2.699999809265136719e-01
2.800000011920928955e-01
2.899999916553497314e-01
2.999999821186065674e-01
3.100000023841857910e-01
3.199999928474426270e-01
3.299999833106994629e-01
3.400000035762786865e-01
3.499999940395355225e-01
3.599999845027923584e-01
3.700000047683715820e-01
3.799999952316284180e-01
3.899999856948852539e-01
3.999999761581420898e-01
4.099999964237213135e-01
4.199999868869781494e-01
4.299999773502349854e-01
4.399999976158142090e-01
4.499999880790710449e-01
4.599999785423278809e-01
4.699999988079071045e-01
4.799999892711639404e-01
4.899999797344207764e-01
5.000000000000000000e-01
5.099999904632568359e-01
5.199999809265136719e-01
5.299999713897705078e-01
5.399999618530273438e-01
5.500000119209289551e-01
5.600000023841857910e-01
5.699999928474426270e-01
5.799999833106994629e-01
5.899999737739562988e-01
5.999999642372131348e-01
6.100000143051147461e-01
6.200000047683715820e-01
6.299999952316284180e-01
6.399999856948852539e-01
6.499999761581420898e-01
6.599999666213989258e-01
6.699999570846557617e-01
6.800000071525573730e-01
6.899999976158142090e-01
6.999999880790710449e-01
7.099999785423278809e-01
7.199999690055847168e-01
7.299999594688415527e-01
7.400000095367431641e-01
7.500000000000000000e-01
7.599999904632568359e-01
7.699999809265136719e-01
7.799999713897705078e-01
7.899999618530273438e-01
7.999999523162841797e-01
8.100000023841857910e-01
8.199999928474426270e-01
8.299999833106994629e-01
8.399999737739562988e-01
8.499999642372131348e-01
8.599999547004699707e-01
8.700000047683715820e-01
8.799999952316284180e-01
8.899999856948852539e-01
8.999999761581420898e-01
9.099999666213989258e-01
9.199999570846557617e-01
9.300000071525573730e-01
9.399999976158142090e-01
9.499999880790710449e-01
9.599999785423278809e-01
9.699999690055847168e-01
9.799999594688415527e-01
9.899999499320983887e-01
1.000000000000000000e+00
1.009999990463256836e+00
1.019999980926513672e+00
1.029999971389770508e+00
1.039999961853027344e+00
1.049999952316284180e+00
1.059999942779541016e+00
1.069999933242797852e+00
1.079999923706054688e+00
1.090000033378601074e+00
1.100000023841857910e+00
1.110000014305114746e+00
1.120000004768371582e+00
1.129999995231628418e+00
1.139999985694885254e+00
1.149999976158142090e+00
1.159999966621398926e+00
1.169999957084655762e+00
1.179999947547912598e+00
1.189999938011169434e+00
1.199999928474426270e+00
1.209999918937683105e+00
1.220000028610229492e+00
1.230000019073486328e+00
1.240000009536743164e+00
1.250000000000000000e+00
1.259999990463256836e+00
1.269999980926513672e+00
1.279999971389770508e+00
1.289999961853027344e+00
1.299999952316284180e+00
1.309999942779541016e+00
1.319999933242797852e+00
1.329999923706054688e+00
1.339999914169311523e+00
1.350000023841857910e+00
1.360000014305114746e+00
1.370000004768371582e+00
1.379999995231628418e+00
1.389999985694885254e+00
1.399999976158142090e+00
1.409999966621398926e+00
1.419999957084655762e+00
1.429999947547912598e+00
1.439999938011169434e+00
1.449999928474426270e+00
1.459999918937683105e+00
1.469999909400939941e+00
1.480000019073486328e+00
1.490000009536743164e+00
1.500000000000000000e+00
1.509999990463256836e+00
1.519999980926513672e+00
1.530000090599060059e+00
1.540000081062316895e+00
1.550000071525573730e+00
1.560000061988830566e+00
1.570000052452087402e+00
1.580000042915344238e+00
1.590000033378601074e+00
1.600000023841857910e+00
1.610000014305114746e+00
1.620000004768371582e+00
1.629999995231628418e+00
1.639999985694885254e+00
1.649999976158142090e+00
1.660000085830688477e+00
1.670000076293945312e+00
1.680000066757202148e+00
1.690000057220458984e+00
1.700000047683715820e+00
1.710000038146972656e+00
1.720000028610229492e+00
1.730000019073486328e+00
1.740000009536743164e+00
1.750000000000000000e+00
1.759999990463256836e+00
1.769999980926513672e+00
1.779999971389770508e+00
1.790000081062316895e+00
1.800000071525573730e+00
1.810000061988830566e+00
1.820000052452087402e+00
1.830000042915344238e+00
1.840000033378601074e+00
1.850000023841857910e+00
1.860000014305114746e+00
1.870000004768371582e+00
1.879999995231628418e+00
1.889999985694885254e+00
1.899999976158142090e+00
1.909999966621398926e+00
1.920000076293945312e+00
1.930000066757202148e+00
1.940000057220458984e+00
1.950000047683715820e+00
1.960000038146972656e+00
1.970000028610229492e+00
1.980000019073486328e+00
1.990000009536743164e+00
2.000000000000000000e+00
2.009999990463256836e+00
2.019999980926513672e+00
2.029999971389770508e+00
2.039999961853027344e+00
2.049999952316284180e+00
2.059999942779541016e+00
2.069999933242797852e+00
2.079999923706054688e+00
2.089999914169311523e+00
2.099999904632568359e+00
2.110000133514404297e+00
2.120000123977661133e+00
2.130000114440917969e+00
2.140000104904174805e+00
2.150000095367431641e+00
2.160000085830688477e+00
2.170000076293945312e+00
2.180000066757202148e+00
2.190000057220458984e+00
2.200000047683715820e+00
2.210000038146972656e+00
2.220000028610229492e+00
2.230000019073486328e+00
2.240000009536743164e+00
2.250000000000000000e+00
2.259999990463256836e+00
2.269999980926513672e+00
2.279999971389770508e+00
2.289999961853027344e+00
2.299999952316284180e+00
2.309999942779541016e+00
2.319999933242797852e+00
2.329999923706054688e+00
2.339999914169311523e+00
2.349999904632568359e+00
2.360000133514404297e+00
2.370000123977661133e+00
2.380000114440917969e+00
2.390000104904174805e+00
2.400000095367431641e+00
2.410000085830688477e+00
2.420000076293945312e+00
2.430000066757202148e+00
2.440000057220458984e+00
2.450000047683715820e+00
2.460000038146972656e+00
2.470000028610229492e+00
2.480000019073486328e+00
2.490000009536743164e+00
2.500000000000000000e+00
2.509999990463256836e+00
2.519999980926513672e+00
2.529999971389770508e+00
2.539999961853027344e+00
2.549999952316284180e+00
2.559999942779541016e+00
2.569999933242797852e+00
2.579999923706054688e+00
2.589999914169311523e+00
2.599999904632568359e+00
2.609999895095825195e+00
2.620000123977661133e+00
2.630000114440917969e+00
2.640000104904174805e+00
2.650000095367431641e+00
2.660000085830688477e+00
2.670000076293945312e+00
2.680000066757202148e+00
2.690000057220458984e+00
2.700000047683715820e+00
2.710000038146972656e+00
2.720000028610229492e+00
2.730000019073486328e+00
2.740000009536743164e+00
2.750000000000000000e+00
2.759999990463256836e+00
2.769999980926513672e+00
2.779999971389770508e+00
2.789999961853027344e+00
2.799999952316284180e+00
2.809999942779541016e+00
2.819999933242797852e+00
2.829999923706054688e+00
2.839999914169311523e+00
2.849999904632568359e+00
2.859999895095825195e+00
2.869999885559082031e+00
2.880000114440917969e+00
2.890000104904174805e+00
2.900000095367431641e+00
2.910000085830688477e+00
2.920000076293945312e+00
2.930000066757202148e+00
2.940000057220458984e+00
2.950000047683715820e+00
2.960000038146972656e+00
2.970000028610229492e+00
2.980000019073486328e+00
2.990000009536743164e+00
3.000000000000000000e+00
