-3.960396051406860352e+00
-3.920792102813720703e+00
-3.881188154220581055e+00
-3.841584205627441406e+00
-3.801980257034301758e+00
-3.762376308441162109e+00
-3.722772359848022461e+00
-3.683168411254882812e+00
-3.643564462661743164e+00
-3.603960514068603516e+00
-3.564356327056884766e+00
-3.524752616882324219e+00
-3.485148429870605469e+00
-3.445544719696044922e+00
-3.405940532684326172e+00
-3.366336584091186523e+00
-3.326732635498046875e+00
-3.287128925323486328e+00
-3.247524738311767578e+00
-3.207920789718627930e+00
-3.168316841125488281e+00
-3.128712892532348633e+00
-3.089108943939208984e+00
-3.049504995346069336e+00
-3.009901046752929688e+00
-2.970297098159790039e+00
-2.930693149566650391e+00
-2.891089200973510742e+00
-2.851485252380371094e+00
-2.811881065368652344e+00
-2.772277355194091797e+00
-2.732673168182373047e+00
-2.693069458007812500e+00
-2.653465270996093750e+00
-2.613861560821533203e+00
-2.574257612228393555e+00
-2.534653663635253906e+00
-2.495049476623535156e+00
-2.455445766448974609e+00
-2.415841579437255859e+00
-2.376237630844116211e+00
-2.336633682250976562e+00
-2.297029733657836914e+00
-2.257425785064697266e+00
-2.217821836471557617e+00
-2.178217887878417969e+00
-2.138614177703857422e+00
-2.099009990692138672e+00
-2.059405803680419922e+00
-2.019802093505859375e+00
-1.980198144912719727e+00
-1.940594196319580078e+00
-1.900990247726440430e+00
-1.861386299133300781e+00
-1.821782350540161133e+00
-1.782178401947021484e+00
-1.742574214935302734e+00
-1.702970504760742188e+00
-1.663366317749023438e+00
-1.623762369155883789e+00
-1.584158658981323242e+00
-1.544554471969604492e+00
-1.504950761795043945e+00
-1.465346574783325195e+00
-1.425742864608764648e+00
-1.386138677597045898e+00
-1.346534729003906250e+00
-1.306930780410766602e+00
-1.267326831817626953e+00
-1.227722883224487305e+00
-1.188118934631347656e+00
-1.148515224456787109e+00
-1.108911037445068359e+00
-1.069307088851928711e+00
-1.029703140258789062e+00
-9.900989532470703125e-01
-9.504952430725097656e-01
-9.108912944793701172e-01
-8.712871074676513672e-01
-8.316833972930908203e-01
-7.920794486999511719e-01
-7.524752616882324219e-01
-7.128713130950927734e-01
-6.732676029205322266e-01
-6.336634159088134766e-01
-5.940594673156738281e-01
-5.544557571411132812e-01
-5.148515701293945312e-01
-4.752476215362548828e-01
-4.356436729431152344e-01
-3.960399627685546875e-01
-3.564357757568359375e-01
-3.168318271636962891e-01
-2.772281169891357422e-01
-2.376239299774169922e-01
-1.980199813842773438e-01
-1.584160327911376953e-01
-1.188118457794189453e-01
-7.920813560485839844e-02
-3.960418701171875000e-02
0.000000000000000000e+00
3.960371017456054688e-02
7.920789718627929688e-02
1.188116073608398438e-01
1.584157943725585938e-01
1.980195045471191406e-01
2.376232147216796875e-01
2.772274017333984375e-01
3.168315887451171875e-01
3.564352989196777344e-01
3.960394859313964844e-01
4.356431961059570312e-01
4.752473831176757812e-01
5.148515701293945312e-01
5.544552803039550781e-01
5.940589904785156250e-01
6.336631774902343750e-01
6.732673645019531250e-01
7.128710746765136719e-01
7.524752616882324219e-01
7.920789718627929688e-01
8.316826820373535156e-01
8.712868690490722656e-01
9.108910560607910156e-01
9.504947662353515625e-01
9.900984764099121094e-01
1.029702663421630859e+00
1.069306850433349609e+00
1.108911037445068359e+00
1.148514270782470703e+00
1.188118457794189453e+00
1.227722644805908203e+00
1.267326354980468750e+00
1.306930541992187500e+00
1.346534729003906250e+00
1.386138439178466797e+00
1.425742149353027344e+00
1.465346336364746094e+00
1.504950046539306641e+00
1.544554233551025391e+00
1.584158420562744141e+00
1.623762130737304688e+00
1.663366317749023438e+00
1.702969551086425781e+00
1.742573738098144531e+00
1.782177925109863281e+00
1.821781635284423828e+00
1.861385822296142578e+00
1.900990009307861328e+00
1.940593719482421875e+00
1.980197906494140625e+00
2.019802093505859375e+00
2.059405326843261719e+00
2.099009513854980469e+00
2.138613700866699219e+00
2.178217411041259766e+00
2.217821598052978516e+00
2.257425785064697266e+00
2.297029018402099609e+00
2.336633205413818359e+00
2.376237392425537109e+00
2.415841102600097656e+00
2.455445289611816406e+00
2.495049476623535156e+00
2.534653186798095703e+00
2.574257373809814453e+00
2.613861560821533203e+00
2.653464794158935547e+00
2.693068981170654297e+00
2.732673168182373047e+00
2.772276878356933594e+00
2.811881065368652344e+00
2.851485252380371094e+00
2.891088485717773438e+00
2.930692672729492188e+00
2.970296859741210938e+00
3.009900569915771484e+00
3.049504756927490234e+00
3.089108467102050781e+00
3.128712654113769531e+00
3.168316841125488281e+00
3.207920074462890625e+00
3.247524261474609375e+00
3.287128448486328125e+00
3.326732158660888672e+00
3.366336345672607422e+00
3.405940532684326172e+00
3.445543766021728516e+00
3.485147953033447266e+00
3.524752140045166016e+00
3.564355850219726562e+00
3.603960037231445312e+00
3.643564224243164062e+00
3.683167934417724609e+00
3.722772121429443359e+00
3.762376308441162109e+00
3.801979541778564453e+00
3.841583728790283203e+00
3.881187915802001953e+00
3.920791625976562500e+00
3.960395812988281250e+00
