0.000000000000000000e+00
1.990049751243781057e-02
3.980099502487562113e-02
5.970149253731343170e-02
7.960199004975124226e-02
9.950248756218905977e-02
1.194029850746268634e-01
1.393034825870646809e-01
1.592039800995024845e-01
1.791044776119402882e-01
1.990049751243781195e-01
2.189054726368159509e-01
2.388059701492537268e-01
2.587064676616915304e-01
2.786069651741293618e-01
2.985074626865671932e-01
3.184079601990049690e-01
3.383084577114428004e-01
3.582089552238805763e-01
3.781094527363184077e-01
3.980099502487562391e-01
4.179104477611940149e-01
4.378109452736319018e-01
4.577114427860696777e-01
4.776119402985074536e-01
4.975124378109452850e-01
5.174129353233830608e-01
5.373134328358208922e-01
5.572139303482587236e-01
5.771144278606965550e-01
5.970149253731343864e-01
6.169154228855722177e-01
6.368159203980099381e-01
6.567164179104478805e-01
6.766169154228856009e-01
6.965174129353234322e-01
7.164179104477611526e-01
7.363184079601989840e-01
7.562189054726368154e-01
7.761194029850745357e-01
7.960199004975124781e-01
8.159203980099503095e-01
8.358208955223880299e-01
8.557213930348258613e-01
8.756218905472638037e-01
8.955223880597015240e-01
9.154228855721393554e-01
9.353233830845770758e-01
9.552238805970149071e-01
9.751243781094528496e-01
9.950248756218905699e-01
1.014925373134328401e+00
1.034825870646766122e+00
1.054726368159204064e+00
1.074626865671641784e+00
1.094527363184079505e+00
1.114427860696517447e+00
1.134328358208955390e+00
1.154228855721393110e+00
1.174129353233830830e+00
1.194029850746268773e+00
1.213930348258706493e+00
1.233830845771144435e+00
1.253731343283582156e+00
1.273631840796019876e+00
1.293532338308457819e+00
1.313432835820895761e+00
1.333333333333333259e+00
1.353233830845771202e+00
1.373134328358208922e+00
1.393034825870646864e+00
1.412935323383084807e+00
1.432835820895522305e+00
1.452736318407960248e+00
1.472636815920397968e+00
1.492537313432835910e+00
1.512437810945273631e+00
1.532338308457711573e+00
1.552238805970149071e+00
1.572139303482587014e+00
1.592039800995024956e+00
1.611940298507462677e+00
1.631840796019900619e+00
1.651741293532338117e+00
1.671641791044776060e+00
1.691542288557214002e+00
1.711442786069651723e+00
1.731343283582089665e+00
1.751243781094527607e+00
1.771144278606965106e+00
1.791044776119403048e+00
1.810945273631840768e+00
1.830845771144278711e+00
1.850746268656716653e+00
1.870646766169154152e+00
1.890547263681592094e+00
1.910447761194029814e+00
1.930348258706467757e+00
1.950248756218905699e+00
1.970149253731343197e+00
1.990049751243781140e+00
2.009950248756219082e+00
2.029850746268656803e+00
2.049751243781094523e+00
2.069651741293532243e+00
2.089552238805969964e+00
2.109452736318408128e+00
2.129353233830845848e+00
2.149253731343283569e+00
2.169154228855721733e+00
2.189054726368159010e+00
2.208955223880597174e+00
2.228855721393034894e+00
2.248756218905472615e+00
2.268656716417910779e+00
2.288557213930348055e+00
2.308457711442786220e+00
2.328358208955223940e+00
2.348258706467661661e+00
2.368159203980099825e+00
2.388059701492537545e+00
2.407960199004975266e+00
2.427860696517412986e+00
2.447761194029850706e+00
2.467661691542288871e+00
2.487562189054726591e+00
2.507462686567164312e+00
2.527363184079602032e+00
2.547263681592039752e+00
2.567164179104477917e+00
2.587064676616915637e+00
2.606965174129353358e+00
2.626865671641791522e+00
2.646766169154229242e+00
2.666666666666666519e+00
2.686567164179104239e+00
2.706467661691542403e+00
2.726368159203980124e+00
2.746268656716417844e+00
2.766169154228856009e+00
2.786069651741293729e+00
2.805970149253731449e+00
2.825870646766169614e+00
2.845771144278607334e+00
2.865671641791044610e+00
2.885572139303482331e+00
2.905472636815920495e+00
2.925373134328358216e+00
2.945273631840795936e+00
2.965174129353234100e+00
2.985074626865671821e+00
3.004975124378109541e+00
3.024875621890547261e+00
3.044776119402985426e+00
3.064676616915423146e+00
3.084577114427860423e+00
3.104477611940298143e+00
3.124378109452736307e+00
3.144278606965174028e+00
3.164179104477611748e+00
3.184079601990049913e+00
3.203980099502487633e+00
3.223880597014925353e+00
3.243781094527363518e+00
3.263681592039801238e+00
3.283582089552238958e+00
3.303482587064676235e+00
3.323383084577114399e+00
3.343283582089552119e+00
3.363184079601989840e+00
3.383084577114428004e+00
3.402985074626865725e+00
3.422885572139303445e+00
3.442786069651741609e+00
3.462686567164179330e+00
3.482587064676617050e+00
3.502487562189055215e+00
3.522388059701492491e+00
3.542288557213930211e+00
3.562189054726367932e+00
3.582089552238806096e+00
3.601990049751243816e+00
3.621890547263681537e+00
3.641791044776119701e+00
3.661691542288557422e+00
3.681592039800995142e+00
3.701492537313433306e+00
3.721393034825870583e+00
3.741293532338308303e+00
3.761194029850746023e+00
3.781094527363184188e+00
3.800995024875621908e+00
3.820895522388059629e+00
3.840796019900497793e+00
3.860696517412935513e+00
3.880597014925373234e+00
3.900497512437811398e+00
3.920398009950249119e+00
3.940298507462686395e+00
3.960199004975124115e+00
3.980099502487562280e+00
