-2.000000000000000000e+00
-1.960000038146972656e+00
-1.919999957084655762e+00
-1.879999995231628418e+00
-1.840000033378601074e+00
-1.799999952316284180e+00
-1.759999990463256836e+00
-1.720000028610229492e+00
-1.679999947547912598e+00
-1.639999985694885254e+00
-1.600000023841857910e+00
-1.559999942779541016e+00
-1.519999980926513672e+00
-1.480000019073486328e+00
-1.440000057220458984e+00
-1.399999976158142090e+00
-1.360000014305114746e+00
-1.320000052452087402e+00
-1.279999971389770508e+00
-1.240000009536743164e+00
-1.200000047683715820e+00
-1.159999966621398926e+00
-1.120000004768371582e+00
-1.080000042915344238e+00
-1.039999961853027344e+00
-1.000000000000000000e+00
-9.599999785423278809e-01
-9.200000166893005371e-01
-8.799999952316284180e-01
-8.399999737739562988e-01
-8.000000119209289551e-01
-7.599999904632568359e-01
-7.200000286102294922e-01
-6.800000071525573730e-01
-6.399999856948852539e-01
-6.000000238418579102e-01
-5.600000023841857910e-01
-5.199999809265136719e-01
-4.799999892711639404e-01
-4.399999976158142090e-01
-4.000000059604644775e-01
-3.600000143051147461e-01
-3.199999928474426270e-01
-2.800000011920928955e-01
-2.399999946355819702e-01
-2.000000029802322388e-01
-1.599999964237213135e-01
-1.199999973177909851e-01
-7.999999821186065674e-02
-3.999999910593032837e-02
0.000000000000000000e+00
3.999999910593032837e-02
7.999999821186065674e-02
1.199999973177909851e-01
1.599999964237213135e-01
2.000000029802322388e-01
2.399999946355819702e-01
2.800000011920928955e-01
3.199999928474426270e-01
3.600000143051147461e-01
4.000000059604644775e-01
4.399999976158142090e-01
4.799999892711639404e-01
5.199999809265136719e-01
5.600000023841857910e-01
6.000000238418579102e-01
6.399999856948852539e-01
6.800000071525573730e-01
7.200000286102294922e-01
7.599999904632568359e-01
8.000000119209289551e-01
8.399999737739562988e-01
8.799999952316284180e-01
9.200000166893005371e-01
9.599999785423278809e-01
1.000000000000000000e+00
1.039999961853027344e+00
1.080000042915344238e+00
1.120000004768371582e+00
1.159999966621398926e+00
1.200000047683715820e+00
1.240000009536743164e+00
1.279999971389770508e+00
1.320000052452087402e+00
1.360000014305114746e+00
1.399999976158142090e+00
1.440000057220458984e+00
1.480000019073486328e+00
1.519999980926513672e+00
1.559999942779541016e+00
1.600000023841857910e+00
1.639999985694885254e+00
1.679999947547912598e+00
1.720000028610229492e+00
1.759999990463256836e+00
1.799999952316284180e+00
1.840000033378601074e+00
1.879999995231628418e+00
1.919999957084655762e+00
1.960000038146972656e+00
2.000000000000000000e+00
